Chicago-White-Sox	0.272	22,484	50.1	68.4	81.2	30.5	56.7	43.7	32.6	49.5	26.1	7.4	76.7	4,025	42.9	25.6	24.1	7.5	36.6	37.7	25.7	4.5	31.5	27.1	24.5	6	34.6	6.1
Cleveland-Guardians	0.306	22,805	49.3	68.9	83.5	30.4	60.5	43.7	31.1	49.4	23.1	7.3	77.4	4,174	41.9	26.5	23.1	8.6	41	36.1	22.9	5.1	30.4	28.9	23.7	6.1	33.3	5.8
Cinncinatti-Reds	0.303	23,183	49.7	67.2	82	27.1	51.8	42.4	32.5	47	26.4	7.5	76.7	3,927	42.2	26.8	23.7	7.3	41.8	33.9	24.3	5.2	30.8	26.9	24.1	5.7	34.2	7
Washington-Nationals	0.3	22,769	49.9	66	83.9	29.5	60.4	43.1	32.4	47.7	22.7	7.6	76.6	4,220	47.3	23.3	22.7	6.6	37.7	36.6	25.7	5.3	34.4	23.4	25.3	5.6	30.6	5.6
Los-Angeles-Angels	0.296	23,323	49.7	67.1	82	27.8	54.9	42.4	32.4	47.3	25.6	7.5	78.1	3,988	42.9	26.6	23.7	6.8	38.3	36.9	24.8	4.2	31.1	26.9	24	6.4	34	7.1
Kansas-City-Royals	0.307	22,755	48.9	68.7	84.9	30.1	59.2	42.2	30.7	49	22.9	7.5	78.5	4,337	42.2	27.4	22.9	7.5	40.8	35.4	23.8	4.3	30.3	28	23.9	6	32.3	7.4
Tampa-Bay-Rays	0.294	23,956	48.8	67.8	79.3	30.1	55.3	43.2	34	48.5	27.9	7.4	77.7	3,946	42.9	24.5	23.4	9.2	38.5	37	24.5	4.8	32.3	26.2	23.2	5.7	32.7	7.4
Detroit-Tigers	0.299	23,763	49.8	66.5	81.8	27.4	54.7	42.6	27.5	46.9	26	7.6	76	4,026	41.1	27.4	24	7.4	38.9	37.3	23.8	3.7	30.6	26.9	24.5	6.4	34.3	7.6
Colorado-Rockies	0.306	23,302	49.2	70.2	79.9	31.8	48.6	42.9	36.4	50.7	29.8	7.6	79.8	3,901	43.4	27.1	24.3	5.2	36.8	38.5	24.7	4.7	31	24.6	24.9	6.2	34.9	8.3
Oakland-Athletics	0.303	23,171	49.4	68.6	80.3	28.2	49.6	43	34	48.2	28.4	7.4	79.4	3,986	42.4	27.5	22.6	7.4	38.1	37.8	24.1	3.8	31.2	27.1	23	6.1	33.7	8.5
Miami-Marlins	0.296	22,820	48.9	70.4	80.6	32.3	56.1	42.7	37	50.9	26.8	7.3	79	4,177	49.3	23	22.1	5.5	36.2	38.5	25.2	5.3	36.3	21.1	24.6	5.2	32.2	7.1
Texas-Rangers	0.3	23,201	49.2	69.8	83.5	27.7	55	43.2	36.3	48.4	24.5	7.7	79.5	4,224	42.4	27.8	22.9	6.9	37.6	36.5	25.9	4	30.9	27.1	24.2	6	32.4	7.4
Toronto-Blue Jays	0.307	23,493	50.1	66.9	83.8	27.7	61.1	43.4	30.3	47.4	22.6	7.5	76.9	4,236	41.9	25.4	24.6	8.1	38.1	36.1	25.8	5.3	30.4	26	24.1	6.5	34.3	7.2
San-Francisco-Giants	0.305	23,806	50.4	66.1	82.6	27.1	54.6	42.5	30.6	46.8	25	7.5	75.3	4,065	41.1	27.3	23.9	7.7	39.6	37	23.4	4.2	29	27.4	23.3	6.9	33.7	8.6
Seattle-Mariners	0.303	24,320	49.7	67.6	79.3	26.3	50.9	43.4	33.5	46.8	28.2	7.5	80.3	3,752	40.4	28.7	23	7.9	41	36.8	22.2	4.9	28	27.7	23.4	6.7	34	9
Atlanta-Braves	0.315	23,955	49.2	71	79.9	29.4	54.3	42.6	34.3	49.8	27.5	7.3	79.7	4,068	41.6	27.6	23.9	6.8	42	34.7	23.3	4	29.8	25.6	23	7.2	34.2	10.1
Pittsburgh-Pirates	0.295	23,732	49.9	66.5	80.9	27.4	50.5	43.6	33.4	46.9	27.7	7.4	79.1	4,034	45.5	24	23.8	6.7	38.4	36.9	24.7	4.4	33	24.4	24.6	5	33.1	8.2
San-Diego-Padres	0.324	23,637	51.1	67.3	86.3	28.1	61.9	43.1	30.5	48.1	20.3	7.9	78	4,508	42.9	25.5	24.9	6.8	36.8	38.7	24.6	4.6	30.8	25.3	26.5	5.4	35.4	7.1
Houston-Astros	0.321	22,359	48.1	69.7	84.7	31.8	58.4	42.2	37.8	50	23.6	7	79	4,412	42.8	27.1	24	6.2	40.3	36.1	23.7	4.2	30.5	26.2	25.2	6	34.2	7.6
St-Louis-Cardinals	0.307	23,977	50.9	65.7	82.8	28.3	57	42.9	30.8	47.4	24.3	8.1	73.3	4,253	43.3	24.5	25.2	7	37.1	37.2	25.7	4.4	31	25.8	25.2	6.5	34.7	6.7
Chicago-Cubs	0.311	23,970	50.1	68.2	81.1	27.8	58	43.3	32.3	48	25.3	7.7	80.8	4,137	41.3	28.3	23.4	6.9	38	36.2	25.7	4.3	29.6	27.9	24.4	5.8	34.3	7.8
Minnestoa-Twins	0.316	23,382	49	68.6	82.9	29.2	54.6	42.6	32.7	48.5	25.7	7.3	78.5	4,241	39.4	28.4	24.4	7.9	40.8	36.3	22.9	3.7	28.4	28.9	24.1	7.1	35.2	7.7
New-York-Mets	0.32	24,098	50	67.2	83.2	28.7	54.5	42.7	30.6	48	25.2	7.8	77.3	4,174	42.6	25.9	24.4	7.1	39.4	36.6	24	4.3	30.9	24.8	24.6	6.2	33.8	8.9
Philidelphia-Phillies	0.325	23,754	48.7	68.6	83	30.3	53.8	42.1	34.5	49	25.9	7.2	76.8	4,217	43.3	26.6	24	6	38.5	35.5	26	4	30.7	25	25	7.2	34.1	7.8
Milwaukee-Brewers	0.319	24,893	50.6	63.9	81.8	25.7	56.4	43	27	45	24.8	7.7	74.4	4,062	45.5	24.9	22.8	6.8	37.3	37.7	25	5.4	32.9	24	24.1	6.3	32.1	7.2
Baltimore-Orioles	0.324	24,121	49.2	68.7	82.8	29.3	58.1	42.7	30.3	48.7	24.4	7.5	76.8	4,259	40.8	27.8	24.1	7.3	37.3	37.5	25.2	3.6	29.3	26.6	23.8	7.6	34.3	8.9
Boston-Red-Sox	0.321	24,208	49.4	68.3	79.6	29.5	54.1	42.5	30.8	48.7	28	7.3	76.4	4,054	42.1	26.8	24	7.1	37.5	36.7	25.8	4.8	30.2	25.3	23.9	6.5	34.4	9
New-York-Yankees	0.331	24,962	49.7	64.8	82.7	24.5	57.5	42.8	27.5	44.6	23.8	7.6	75.1	4,195	43.3	26.7	23.5	6.5	37.3	36.4	26.3	3.5	31.7	24.1	23.7	6.2	34	10.5
LA-Dodgers	0.337	24,779	49.7	68.7	81.3	25.7	57.2	42.6	32.7	47.1	25.1	7.4	80.4	4,247	38.9	29.1	25.2	6.8	38.1	36.8	25.2	3.9	27.9	26.8	24.5	7.5	36.8	9.2
Arizona-Diamondbacks	0.337	24,532	49.6	65.7	85.1	26.4	58.2	42.6	27	45.9	22.2	7.6	74.8	4,357	44.3	25.3	22.7	7.6	40.6	35.5	23.9	4.9	31.9	24.8	24.1	6	32.2	7.9